0.0
0.0
0.0
0.0
0.0
0.0
0.0
0.0
0.0
0.0
0.0
0.0
0.0
0.0
0.0
0.0
0.0
0.0
0.0
0.0
0.0
0.0
0.0
0.0
0.0
0.0
0.0
0.0
0.0
0.0
0.0
0.0
0.0
0.0
0.0
0.0
0.0
0.0
0.0
0.0006122448979591836
0.000234375
0.0
3.1887755102040818e-06
9.247448979591836e-05
0.0
0.0
0.0
0.0
0.0
0.0
0.0
0.0
0.0003332270408163265
2.391581632653061e-05
0.00023596938775510205
0.00010841836734693877
8.290816326530613e-05
0.0007158801020408163
0.0006712372448979592
3.348214285714286e-05
4.783163265306122e-06
0.0
0.0
0.0
0.0
0.0
0.0
5.102040816326531e-05
0.0005054209183673469
0.00035714285714285714
0.0008147321428571429
0.002927295918367347
0.005027104591836735
0.0036973852040816328
0.0024123086734693876
0.00033641581632653063
2.7104591836734694e-05
0.0
0.0
0.0
0.0
0.0
4.30484693877551e-05
0.0006536989795918368
0.002222576530612245
0.005082908163265306
0.015500637755102041
0.019685905612244897
0.023160076530612243
0.00836734693877551
0.0020551658163265305
0.0007764668367346939
0.00023915816326530612
0.00011160714285714285
6.058673469387755e-05
0.0
0.0
0.0
0.0002853954081632653
0.0021237244897959182
0.02026626275510204
0.028544323979591838
0.056769770408163264
0.07813775510204081
0.057678571428571426
0.025309311224489796
0.007830038265306122
0.002197066326530612
0.0006983418367346939
0.00037786989795918365
0.00043207908163265304
0.0002072704081632653
0.0
0.0
0.0
0.0002423469387755102
0.002779017857142857
0.009902742346938775
0.020770089285714284
0.04858577806122449
0.12565210459183673
0.11646524234693878
0.09261001275510204
0.03543207908163265
0.01161670918367347
0.003396045918367347
0.0010363520408163266
0.0008003826530612244
0.0008067602040816327
0.00010204081632653062
0.0
0.0
0.0
0.0
0.0006281887755102041
0.002627551020408163
0.003930165816326531
0.0012723214285714286
0.002106186224489796
0.008183992346938776
0.02092952806122449
0.027216198979591835
0.01672512755102041
0.011729910714285714
0.0026690051020408162
0.0002885841836734694
0.00032206632653061226
0.0005102040816326531
0.0
0.0
0.0
0.0
0.0006855867346938775
0.0002885841836734694
1.913265306122449e-05
2.391581632653061e-05
0.0003125
0.001446109693877551
0.005487882653061224
0.00735172193877551
0.006619897959183673
0.004100765306122449
0.002461734693877551
0.0005389030612244898
0.00021524234693877552
0.00013392857142857144
0.0
0.0
0.0
0.0
0.0
0.0007397959183673469
3.188775510204082e-05
0.0
2.232142857142857e-05
0.00012436224489795918
0.0002614795918367347
0.0009072066326530613
0.002222576530612245
0.0032190688775510204
0.0016549744897959183
0.0011383928571428571
0.0003013392857142857
8.769132653061224e-05
1.5943877551020409e-06
0.0
0.0
0.0
0.0
0.0
0.0
0.0
0.0
0.0
3.985969387755102e-05
0.0001801658163265306
0.0001403061224489796
0.0003284438775510204
0.0008625637755102041
0.0022448979591836735
0.0012675382653061225
0.0006042729591836735
0.00018176020408163266
3.1887755102040818e-06
0.0
0.0
0.0
0.0
0.0
0.0
0.0
0.0
0.0
0.0
1.1160714285714286e-05
0.0002471301020408163
0.00013233418367346938
0.00026307397959183674
0.00026466836734693875
0.0011208545918367347
0.0013855229591836734
0.0005883290816326531
0.00013233418367346938
9.566326530612244e-06
0.0
0.0
0.0
0.0
0.0
0.0
0.0
0.0
0.0
0.0
1.5943877551020409e-06
9.247448979591836e-05
0.0001801658163265306
0.00020408163265306123
0.00014349489795918369
0.00015146683673469388
0.0007509566326530612
0.00043686224489795916
0.0001530612244897959
4.783163265306122e-06
0.0
0.0
0.0
0.0
0.0
0.0
0.0
0.0
0.0
0.0
0.0
1.5943877551020409e-06
4.783163265306122e-06
0.0
0.0
0.0
0.0
0.0
1.5943877551020409e-06
4.783163265306122e-06
0.0
0.0
0.0
0.0
0.0
0.0
0.0
0.0
0.0
0.0
0.0
0.0
0.0
0.0
0.0
0.0
0.0
0.0
0.0
0.0
0.0
0.0
0.0
0.0
0.0
0.0
0.0
0.0
0.0
0.0
0.0
0.0
0.0
0.0
0.0
0.0
0.0
0.0
0.0
0.0
0.0
0.0
0.0
0.0
0.0
0.0
0.0
0.0
0.0
