0.0
0.0
0.0
0.0
0.0
0.0
0.0
0.0
0.0
0.0
0.0
0.0
0.0
0.0
0.0
0.0
0.0
0.0
0.0
0.0
0.0
0.0
0.0
0.0
0.0
0.0
0.0
0.0
0.0
0.0
0.0
0.0
0.0
0.0
0.0
0.0
0.0
0.0
0.0
0.0
0.0
1.5943877551020409e-06
0.0011192602040816326
0.009486607142857142
2.0727040816326532e-05
0.0
0.0
0.0
0.0
0.0
0.0
0.0
0.0
0.0
0.0
6.3775510204081635e-06
0.0009247448979591837
0.0004655612244897959
9.566326530612244e-06
9.566326530612244e-06
1.913265306122449e-05
3.1887755102040818e-06
0.0
0.0
0.0
0.0
0.0
0.0
0.0
6.3775510204081635e-06
7.971938775510205e-06
0.0009677933673469388
0.0003396045918367347
7.971938775510205e-06
1.5943877551020409e-06
0.0
7.971938775510205e-06
1.1160714285714286e-05
1.1160714285714286e-05
0.0
0.0
0.0
0.0
0.0
6.3775510204081635e-06
4.783163265306122e-06
0.0008466198979591836
0.0005133928571428571
6.3775510204081635e-06
7.971938775510205e-06
0.00016581632653061225
0.0004942602040816326
0.0005149872448979592
0.0007477678571428571
0.006489158163265306
0.0
0.0
0.0
0.0
3.1887755102040818e-06
1.1160714285714286e-05
1.5943877551020409e-06
0.0005245535714285714
0.001836734693877551
0.0006696428571428571
0.0005660076530612244
0.0005628188775510204
0.00031568877551020407
2.232142857142857e-05
0.0
4.783163265306122e-06
7.971938775510205e-06
0.0
0.0
0.0
0.0
3.1887755102040818e-06
4.783163265306122e-06
4.464285714285714e-05
0.0011065051020408164
0.94828125
0.002382015306122449
0.0001211734693877551
0.0
4.783163265306122e-06
0.0
1.5943877551020409e-06
0.0
1.5943877551020409e-06
0.0
0.0
0.0
0.0
0.0
3.1887755102040818e-06
3.348214285714286e-05
0.0006441326530612245
0.0007509566326530612
0.00013392857142857144
0.0008641581632653061
0.0004257015306122449
0.0
1.5943877551020409e-06
3.1887755102040818e-06
1.5943877551020409e-06
0.0
0.0
1.5943877551020409e-06
0.0
0.0
0.0
0.0
0.000272640306122449
0.0004990433673469388
3.348214285714286e-05
0.0
0.0
6.855867346938775e-05
0.0007541454081632653
1.5943877551020409e-06
0.0
3.1887755102040818e-06
0.0
0.0
1.5943877551020409e-06
1.5943877551020409e-06
0.0
0.0
0.0
1.2755102040816327e-05
0.00045121173469387754
0.00023118622448979593
1.5943877551020409e-06
0.0
1.5943877551020409e-06
0.0
1.5943877551020409e-06
0.00035714285714285714
8.928571428571429e-05
0.0
3.1887755102040818e-06
4.783163265306122e-06
0.0
4.783163265306122e-06
0.0
0.0
0.0
0.0
3.667091836734694e-05
0.0005038265306122449
2.391581632653061e-05
3.1887755102040818e-06
0.0
0.0
0.0
0.0
0.0
5.7397959183673466e-05
0.0004958545918367347
3.1887755102040818e-06
0.0
7.971938775510205e-06
0.0
3.1887755102040818e-06
0.0
0.0
0.0
4.623724489795918e-05
0.0006393494897959183
4.783163265306122e-06
0.0
0.0
0.0
0.0
1.5943877551020409e-06
0.0
0.0
0.0
0.0002535076530612245
0.00022799744897959183
3.1887755102040818e-06
3.1887755102040818e-06
0.0
0.0
0.0
0.0
0.0
0.0006265943877551021
4.783163265306122e-06
4.783163265306122e-06
3.1887755102040818e-06
3.1887755102040818e-06
0.0
3.1887755102040818e-06
1.5943877551020409e-06
1.5943877551020409e-06
0.0
3.1887755102040818e-06
1.5943877551020409e-06
0.0003348214285714286
0.0003268494897959184
6.3775510204081635e-06
9.566326530612244e-06
0.0
0.0
0.0
0.001838329081632653
4.783163265306122e-05
0.0
0.0
0.0
0.0
0.0
0.0
0.0
0.0
0.0
0.0
0.0
3.1887755102040818e-06
0.00024075255102040815
0.0006345663265306123
0.00022480867346938777
0.0
0.0
0.0028826530612244897
0.0020790816326530614
0.0
0.0
0.0
0.0
0.0
0.0
0.0
0.0
0.0
0.0
0.0
0.0
0.0
0.0
9.566326530612244e-06
0.0020902423469387754
0.0009406887755102041
0.0
0.0
0.0
0.0
0.0
0.0
0.0
0.0
0.0
0.0
0.0
0.0
0.0
0.0
0.0
0.0
0.0
0.0
0.0
0.0
0.0
0.0
0.0
0.0
0.0
0.0
0.0
0.0
0.0
